1011404367632326523475234
2250
101140436763233456775234
300
101140436763276523475234
1250

0
27114010565818086010584165
3326
43114047542253158164712268
1042
26114042265136725164308701
1572
16114004834234160502662584
1218
17114075724287550181180326
4931
34114023512640273558313478
4238
31114046448645675833625880
8138
54114051555053867423824666
6620
22114066884037611607121268
9440
54114046001204043660688825
6398
45114075141583214257535676
7870
23114012875471445278770788
5702
23114007006837170055767717
4012
65114067455835737216536125
794
73114007764324310222842843
5150
73114085166412007858482243
2877
60114085485768506858771770
7195
85114032661017278216874384
73
44114004756641156816778144
7979
36114056541006070127602661
2939
85114037703046876162406440
4271
83114016236136625718617005
3790
08114030857064408878707504
4497
70114062033404656000174335
3754
03114066582416371836314566
2165
28114070143560710231124422
3820
21114008238053837224153483
1789
35114002366734206133587252
7686
65114053314725458266105168
8216
63114018301571513663343011
714
01114020083503807376847500
7201
21114020008837456627340865
6750
35114050418257673048772844
5005
76114018547577725333382073
6103
46114076867881200756175036
388
14114070108004407071150537
6011
25114014375186631157004125
8208
14114047481230613585536542
8356
26114021676414553471831483
6729
33114051270654512234426170
5387
25114024661602033885301375
7527
13114018641306181467868086
18
01114007387623255578150004
3351
41114044551015441103630702
9035
02114071652137257766840728
3178
26114074334727177321551545
7815
65114002068854581028872520
4421
87114057871671318465648101
7571
60114036856612038381811341
3801
16114014721066322745823777
3799
32114053856834206311430543
9911
78114014086668253375486005
2233
10114020387388250400147556
7403
51114017173401564614226657
2535
88114084160113430102285804
2286
02114050250375573754813846
3985
17114017487241616174705467
6834
25114022533402854634105447
4573
85114047421410335221555771
273
75114021144760888821411542
104
75114027558632171157806356
3003
15114042184481786273880822
4852
15114076616738854662560402
4244
16114030544217451246168275
9164
12114005050251306702552163
2374
31114012111372657424510718
1929
76114073878722847843402620
3308
36114001165217082340703625
8228
12114057483450048556887714
7312
53114015205315263031830751
3026
06114040275582672810513506
9063
25114043117524844044517074
1100
30114075345531014744758231
8205
67114088411585266756423450
490
58114030388220743815044036
8307
64114080014107246808852551
3098
30114041176311147043661206
7379
63114070851810347464057588
8652
14114053685125857047725316
2049
41114062033717341004071430
6482
66114033704385816153742240
6825
80114040583200036301358503
5455
63114003828377442203545783
4238
66114028768252367241423733
1389
13114048385642361303384760
5617
76114044875168146762046034
3358
13114054776578700376105735
8042
21114030822360101137056804
1856
41114021402733256836157584
823
46114014811283442188881562
8874
21114011030405064681743208
8233
28114056775760436782211087
9634
42114084324655348644470852
9781
56114040632126537352526016
2454
56114074024076428331724788
2964
41114075330148633584517157
4006
85114065661131522505346685
3350
75114026548443183762260838
7829
31114030314623406044102817
656
35114015427244578256328880
2254
37114050550025514572787710
3505
57114024481285488237668033
1464
51114066643035366384704451
7137
64114077576412116248345662
180
16114081166433701242135730
1304
45114010282854726266840208
2939
62114023725854273553633203
1901
44114052713236423176503264
1809
18114042373588738107323856
3633
50114082551736784626523648
6983
48114047514012012565475753
3917
48114040821311765042724541
5030
54114023521203736505305315
6089
40114078655224821428534448
5601
78114041605365517616777416
2712
88114033408384372788281632
8028
02114052112482565233123066
5212
74114022545507466888840525
7931
72114075800243620554222436
1443
33114027115488226568043773
2081
26114011403581774304488143
9209
50114047226213100774354674
893
72114046035010338362771640
5506
58114064535753676188274702
5727
40114047078422506272888735
5678
73114032684578251450466410
3725
17114027418024127225618627
1250
37114045581861286176004111
7259
37114037222551401828067040
1967
34114068143076622405228450
3918
36114005612222387457831025
6143
44114044266556334204007340
8232
30114001130584210841325713
4365
44114065578868608206515525
6068
73114023278675700044866884
2806
75114022878148650245612623
3795
35114013714202654656834336
2884
56114040638802845680844426
9702
57114030186764850843753233
9400
73114050114675021674225135
2119
80114072111836847700688021
5303
22114040461404104053178567
5230
83114040528478604631384835
2576
03114041455573836535658804
4566
41114051876534718481051583
4036
52114088470830728087785716
7261
08114015340306105743438066
4387
07114001387757034836013825
711
85114026412182753657032332
2904
34114008327530256363571526
5824
81114085443830648071101171
949
25114078536651075637571265
7720
74114015500862316524311580
878
81114044503430766041028375
7424
83114083550558504528884126
8478
07114033551710737788451462
9237
48114077121235102367257382
1586
45114088876371727526735862
6973
30114012746634220474685374
7474
88114053045887027677174253
218
44114044151557817076484218
2038
32114062513560847620482001
569
68114063770652535852418675
3571
11114001360188652442523065
7343
73114083715353524686556554
8281
60114030853073385843477607
8581
28114088330200767854162420
9823
07114034303855388581312310
7203
45114021786124847617161280
4690
52114010685874244575540132
3665
47114072706128303260120364
6758
21114081522342874508731724
705
41114034271622777860721351
5986
17114073638818136280883065
1094
18114068721182726173381606
5061
23114022815442527874628688
6744
13114048606536144654317578
7430
86114047228040158534123660
6572
58114022273034405134824476
9542
47114070660052658650455173
5715
34114087086040823520162160
5212
62114068353066602457058488
3059
05114026523728166757545664
3570
04114086446855513410472725
2106
72114072517635201463257537
3406
30114034217636234434401388
8165
26114062402765532817130611
3171
36114052100260744560732202
3203
81114048620201313505135763
1908
01114085433205005062354081
3535
07114016416408803767452438
5626
44114060633888053842786781
3770
55114010618521773546232883
7178
18114042215770620563288767
9519
21114048107816886004435341
8488
58114046215664132620540801
6218
17114012014151531278461514
8108
24114084756333532758300527
2302
44114001716603710745525642
3809
64114063216714817031373776
6214
51114076067855450303120261
8528
02114047618807104255588338
2700
81114072418301478863658586
7056
64114081683010765827037617
6652
85114026700033402685113163
2356
55114083140417376355440170
4223
34114064885776742658255266
1356
53114034823023470156404800
6734
26114022744156672611457616
9801
10114007437306370127663155
6643
24114004426358262350075120
4288
42114050552550457254634378
8786
57114054847343062130482848
9731
68114070636848703450516022
3530
16114081034505183403658121
94
75114064636713686870563110
3093
10114014475176463303521522
2458
52114025827772216444561605
3577
63114026684602821428600701
7744
73114060736027307338808414
2171
37114048342742834721732672
7652
87114052834180451415573704
9561
66114031674224546816725425
6111
08114021430220250251854620
1976
31114073743611681746040231
4928
25114088737516641367488381
4800
51114015568820641414038200
7156
58114042415731344214740562
2127
16114044581882140428578172
7680
33114086246156075164408611
8073
71114077145037452283207355
9427
23114006501375204876358418
8506
15114076100733415470202165
5868
13114058270850738440357416
1894
87114056080742688167261606
9835
61114005665870670554162143
8547
48114056244122363547703551
4442
37114050540386328726076470
5568
16114010405872084807268210
4240
70114032543655834554534158
9925
61114015662257180753104855
1089
16114022257348047707501781
4944
42114040608518153148004442
8880
88114061763454246456524786
3444
31114004356532407044100748
1927
04114081031354522762554804
9600
60114083348884815514204514
962
24114002163822474833137745
6764
55114061516455687767645506
603
15114065352627625482182657
785
78114003678403721636276142
8583
05114038625147434578781037
754
14114067533553075546168786
8117
38114028081414366444335277
8176
81114040761157825881668154
1648
47114010005054707615214536
6085
81114028341822632642045102
1113
72114050665876757026268245
6374
21114085606316882000117854
5534
80114055552752274744732327
7061
72114051618671755102121187
798
21114013743863884222776500
6218
48114053632143604122427010
3476
64114007506515776850488751
4573
28114071662686653180357803
6381
02114077176345645348056511
6560
25114050172023624427833515
6660
70114086058881043551727368
7153
13114027172013348081162066
2155
84114068304107678511400355
7023
17114030823286666447605188
5906
14114082882615875713434074
3833
41114000375024024034113240
3625
26114036600025010578302347
9127
36114077742066626161831684
7797
73114010081542118525655863
1422
04114032762251022084124815
6629
15114026864447132616338723
4042
60114042615741542215476364
3481
23114080703137803133088176
204
22114056714222372403131566
5711
75114081078126057071588655
6658
88114035261148463880746280
2002
80114068608027407823265633
3545
80114038442883680324443263
6938
22114023656037626804612538
4501
65114001012644446505716111
4113
66114055253072885586745487
4848
68114000573425155243716334
2470
50114061777762367505150220
5037
33114037601565332773572865
6131
84114006545672261786600888
8953
26114036084212861251576888
3799
18114047165270683186576344
719
06114007544575156283462867
396
64114041166266160713388226
9019
10114000674531753833144820
3803
44114077712286400461415540
9030
46114041807610463753286085
2779
72114040482847671205504770
2707
15114018475154614222565561
7690
14114045676045380356253021
987
20114076717556107065433533
1557
66114054424375700624025538
7811
20114057547558416421156511
3600
22114076288331381236228742
3573
41114047338681748410161015
7107
53114000344283871345647611
5459
67114066606605428265842747
7816
22114066440040171864605328
7308
32114053314668646662048551
6565
41114081855576644286522031
7714
11114042585838354442572151
9410
27114080223357674167465575
6280
73114008623465733308068755
9296
04114081031087703480205103
4779
54114005713787004612663636
2116
88114033581024177372548216
2062
63114004450040086452607577
1821
45114014015683688572531757
8891
84114060147473486831731880
9137
41114005608584055400402686
2007
74114056663020381703714156
8747
64114017134756140412605240
8248
20114046326078104770618366
7490
36114030404863145117727051
6081
48114084043262265817526565
3680
07114073407844363858851028
4346
47114053327875407208838210
7411
34114073734825511504082676
3109
46114085541736220075075513
4587
11114036316574368068318654
7905
43114000101715587230568257
4798
61114030662255500084787320
112
18114041848755613275242688
1565
78114003566187113307034776
3084
28114083862157575186840403
3925
64114028384236547582607275
7394
07114004817620065384134448
7373
33114017084426207757187811
6552
25114082216273107648377313
9954
73114071102026621800635846
1478
76114003664171017061751852
2355
14114043434437612524318756
7727
43114077825237300886633658
217
83114068342741044307676866
9215
36114020157740733618721030
4528
76114006583868275262720232
2947
57114050450884647118116532
6386
72114018454306612781663453
5830
32114063573812172711452484
2742
05114086026468442846703803
2066
76114058618881656000441737
3138
57114007034721783071047744
6422
28114041428443027447838681
5609
04114046605451524480285538
7306
01114051561853114867455675
5843
11114033454672541228163148
3252
88114078127138621176648367
1456
16114054820680011435165233
6629
53114033131413875250315277
9526
46114005623886223317810325
6667
02114063384212424086276053
3099
86114076835240558752663548
4342
44114060038202281020641827
7033
12114054848244541582486766
8350
83114066626387577565747134
4095
63114066448752554822700721
8558
27114063163624137556400023
5301
78114024773716557262417846
9284
05114031363457885202531135
4464
47114015468446087368461554
6268
42114040641003377086560408
18
35114015056362136852440772
4834
70114004100753541106080346
8976
41114051214804885370456628
6576
22114066244831884540820167
8766
15114037012077213433167622
2935
15114054656846557860562647
1120
46114004540318346152100407
5701
12114053066366752313551336
2440
14114067531542105742718156
6865
74114012838680028410020623
3332
76114058303543684804552700
1661
12114067408715338137325043
9718
47114035208687116610160468
8537
03114055072560835301357125
5320
05114083363304413621827454
2345
65114036046050248863753022
3824
30114078433616448348015048
2338
27114000568318006548756353
4277
15114015766833470123027175
3740
65114083300525617318172211
3451
08114051501257422444312265
2808
51114036641722578751450035
2403
26114000427746586781723552
7882
51114011757551700557018848
6821
88114038768685016708410226
1198
28114033384433051304367276
401
64114034572828805026236382
9558
03114074158322654701242780
2217
64114047707358543851636546
3204
41114087474086177144612556
9103
01114088668270620142840500
4205
64114001238876563072232700
9903
08114021152508141576588767
1708
52114023682555137815273014
2080
82114080543773657365704677
7575
31114067743101733413538321
8119
73114058783703220374802648
1780
04114003107605557012488734
5776
12114065535481500620533373
4655
13114073410154164188732371
4598
27114062423685017660876732
419
51114036012300604315476261
1281
04114033774882347243458885
7642
50114058800705122122603267
7430
75114025214086243537122806
3916
23114071273030321021064564
3756
35114024213774344287787557
8576
21114058882101301153540582
4898
88114042422102010764828715
2464
76114024874686485080132733
6741
63114085121654360203474135
5476
05114015885483156524285301
9575
83114008854251132648534182
9004
86114010822138108254505814
718
34114031038740361448011414
4326
31114018726255264375853407
7674
11114015657045328714062755
4229
67114001816785005047851502
4883
68114053377647583017016610
5793
02114056776844482734401802
2312
57114085562747204783262840
5422
88114016404766471448548780
4529
55114021470044861788547124
7945
75114065574153881807315346
5351
82114076816628080670644306
9315
26114020673282170571446566
3692
17114017047507733784331803
968
54114066684174058780710662
4321
08114037615010887548324181
7024
32114043543221758630471718
4167
11114058014780838534513188
1129
11114085156383636716260835
2403
51114060681132218160046622
2187
16114037557122728304324807
1886
46114032861631575553000168
4878
37114081230713564401820615
9977
75114000856577762252624828
1678
05114067208250351733363013
8908
76114001227185861183878463
2682
76114025886388481661156437
7231
40114064751542801443221818
356
31114030101466866872142085
6774
55114086813000232172024881
3908
10114067836362815340536325
2816
24114002746636410774512115
4898
32114023425887224672373823
2084
56114037025560283864171287
3565
50114062435824117144537038
6331
58114063225676183485404134
2543
12114078113282840773437764
1143
6611401097952440255448475576
0,246429186429097
5111402140314256617407914431
0,439583453088805
7011407414960958436841617119
0,612447264423802
7711408290045497050093867233
0,00573009718476333
5311408204466704422053812889
0,0970224678036861
0311405440940164871408538445
0,813511161046806
0111407826482696557177609377
0,14338693401934
1011402694424754906023907540
0,960453619696411
4911409759195796865002595029
0,966650220549968
9811409496497184656270531599
0,642935381570335
9811405555839778190507194201
0,192477780483886
6511407762943849846135443631
0,968680387813915
9211405602471408569572744668
0,323386006207851
0411404467261696891075032889
0,605955902303548
0811407593831665933723377168
0,814663169819239
6211404013937047231994273730
0,396778550183763
0511402829174505834378516065
0,406979346837373
9111407568430365522135524651
0,945825230770663
9611409360173607807694549995
0,828870412348244
3311404697803982713249222548
0,75844775361868
4211403080730311060679361611
0,254269491068213
6111401863017602370051441899
0,875286248454492
3511406986758363708967916393
0,966477482098377
2611403383252191327575150380
0,692880727207698
1311405549325670145666116430
0,623532426833889
0111408861857703671680922114
0,963298190833674
2911409200660120971591807739
0,0694797309439069
0311400007544472511807093530
0,731899538883893
5311401719677450690191159574
0,326328824891862
2011407064983797647740102401
0,603737974820537
1811407821592421776592939677
0,870772099993551
5511404334716991442776978167
0,6877830148152
3911403244405421618798725117
0,0571217737426617
9911404787108021658783158179
0,99041131464318
7911400639105166571793288800
0,870281832697933
8711408898226718757354300220
0,183559227354619
2511406215075342947338481126
0,828087881127413
2111406721563765559145437248
0,617735032745514
3411401666510463530529089016
0,622042558445615
0311405474688910625307441455
0,598397359530626
6811402895986984628898430760
0,569983163648277
3911407225691779855825518061
0,844562993778178
4111409374728591431717966959
0,324873117881302
9711403646718406501942478361
0,761090938356282
2311403297764618506659537086
0,631717690095174
2011405654379424196881331041
0,0010819700551601
2611406895642003349210272182
0,469986680648283
4411406419949805320929880988
0,468250151476008
2411403677721443024682857926
0,568483073529081
7211406928814871233436767562
0,991171822413417
1311409437727024267977018816
0,646528166554183
5911402827487164357554704230
0,644529170656823
6111405683087091527976453577
0,597006449288226
7911409001125900466175721790
0,470009364406583
2111402648128111781766105724
0,216163736868726
8111400200816768844944657542
0,548838941170293
6311405601845786763161106618
0,531501214267454
2211404441062510765112520851
0,509634412596763
7711401891975679543473679677
0,436597775871213
7111408714454981688790234226
0,668730408264664
5711404060958882219218541243
0,20130975972922
10114075647583950673647222
1650
